0011000001000110
0101000001000000
0011000001001110
0101000001000001
0011000001010111
0101000001000010
0011000001000010
0101000001000011
0011000001000101
0101000001000100
0011000011000100
0011000101001100
0100010100000000
0011010010000001
1000101011000000
0011000111000111
0110111110000010
0011000110000111
0011000011000100
0011000010000000
0100010100000000
0011010010000001
0111011010111110
0001000011001001
0001000011011000
0011000110000001
0001000000000010
0011000110001111