0011001000000011
0001000000011001
0010000001000001
0001000000011010
0011001000000011
0011001000000011
0011001000000011
0011001000000011
0011001000000011
0011001000000011
0011001000000011
0011001000000011
0011001000000011
0011001000000011
0011001000000011




0011001000000011
0010000001000001
0011011011000011
0011001001000001
1000011000000000
0011100001000000
0011001001000111
0111001010111111
0011100001000000
0011100001000000
0011100001000000
0011100001000000
0011100001000000
0011100001000000
0011100001000000
0011100001000000
0011100001000000
0011100001000000

0101010000000000
0100010011000000
0011000001000001
0011001001000001
0011001001000001
0011001001000001
0011001001000001
0011001001000001
0011001001000001
0011001001000001
0011001001000001
0011001001000001
0011001001000001
0011001001000001
0011000001000001
0011000001000001
0011000001000001
0011000001000001
0011000001000001
